Sampling point	Site	Site_point	Richness	Shannon	x	y	Maturity Index [MEAN]	Plant Parasitic Index [MEAN]	Enrichment Index [MEAN]	Structure Index [MEAN]	Total number, ind [MEAN]	Herbivores, % of total	Fungivores, % of total	Fungivores, % of free-living	Bacterivores, % of total	Bacterivores, % of free-living	Predators, % of total	Predators, % of free-living	Omnivores, % of total	Omnivores, % of free-living	Sedentary parasites, % of herbivores	Migratory endoparasites, % of herbivores	Semi-endoparasites, % of herbivores	Ectoparasites, % of herbivores	Epidermal/root hair feeders, % of herbivores	Algal/lichen/moss feeders, % of herbivores	CP 1, % of free-living	CP 2, % of free-living	CP 3, % of free-living	CP 4, % of free-living	CP 5, % of free-living	PP 2, % of herbivores	PP 3, % of herbivores	PP 4, % of herbivores	PP 5, % of herbivores	Rich_bact	Rich_fung	Rich_herb	Rich_omn	Rich_pred	Div_bact	Div_fung	Div_herb	Div_omn	Div_pred
AHU0-30	AHU	AHU030	26	2.177908866	78.529	37.836	2.34	2.82	45.8	48.36	7.6	11	52	58.4	26	29.2	6	6.7	5	5.6	0	0	45.5	36.4	9.1	9.1	2.2	79.8	5.6	6.7	5.6	27.3	63.6	9.1	0	10	3	7	3	3	1.748861759	0.681507264	1.767761471	0.950270538	1.011404264
AHU0-40	AHU	AHU040	25	2.250845798	69.992	31.237	2.72	2.95	46.07	71.51	5.81	20	43	53.8	15	18.7	5	6.2	17	21.2	0	10	55	35	0	0	0	60	15	17.5	7.5	5	95	0	0	10	3	5	5	2	2.153532457	0.220985715	1.261001565	1.401276649	0.500402424
AHU0-50	AHU	AHU050	29	2.592347281	61.1	27.758	2.72	2.94	51.25	76.44	9.84	18	43	52.4	24	29.3	7	8.5	8	9.8	0	0	38.9	50	0	11.1	1.2	47.6	30.5	19.5	1.2	27.8	61.1	0	11.1	10	4	6	4	5	1.963917013	1.147391289	1.647918433	1.213007567	1.549826047
AHU0-60	AHU	AHU060	25	2.56959899	52.559	22.824	2.71	2.88	38.46	73.55	11.84	41	24	40.7	28	47.5	1	1.7	6	10.2	0	0	68.3	29.3	2.4	0	0	54.2	27.1	11.9	6.8	17.1	80.5	0	2.4	9	5	8	2	1	1.87824098	0.81433969	1.252927263	0.636514169	0
AHU0-70	AHU	AHU070	20	1.963601276	43.714	17.565	2.55	2.87	49.11	63.52	8.01	15	56	65.9	8	9.4	10	11.8	11	12.9	0	0	0	93.3	6.7	0	0	67.1	17.6	8.2	7.1	13.3	86.7	0	0	5	4	5	4	2	1.38629436	1.029239855	1.080573848	1.162225544	0.500402423
AHU0-80	AHU	AHU080	28	2.838081488	36.882	11.105	2.58	3.29	50.6	71.53	9.26	24	27	35.5	38	50	1	1.3	10	13.2	0	0	20.8	75	0	4.2	5.3	53.9	27.6	3.9	9.2	12.5	66.7	0	20.8	12	3	8	4	1	2.120252216	0.31323146	1.803033494	1.088899975	0
AHU10--30	AHU	AHU1030	27	2.676422594	73.269	46.412	2.8	2.96	47.14	78.14	16.59	24	25	32.9	30	39.5	5	6.6	16	21.1	0	4.2	33.3	62.5	0	0	2.6	48.7	23.7	15.8	9.2	37.5	45.8	0	16.7	11	3	6	4	3	2.228510476	2.052657854	1.538936916	1.162699833	0.950270539
AHU10--40	AHU	AHU1040	23	2.545701173	64.856	41.122	2.92	2.93	32.14	81.69	9.16	14	14	16.3	50	58.1	2	2.3	20	23.3	0	0	57.1	42.9	0	0	1.2	44.2	30.2	10.5	14	7.1	92.9	0	0	11	2	5	3	2	2.075513855	0.125917679	1.215388101	1.010412754	0.693147181
AHU10--50	AHU	AHU1050	23	2.176492189	56.174	36.446	2.36	2.9	56.79	56.52	17.08	50	31	62	10	20	3	6	6	12	0	0	78	16	4	2	8	70	6	10	6	10	90	0	0	6	3	8	4	2	1.747868097	0.347896549	1.206341981	1.329661349	0.636514168
AHU10--60	AHU	AHU1060	24	2.360884926	47.441	31.344	2.27	2.91	45.54	41.95	10.29	33	42	62.7	18	26.9	1	1.5	6	9	0	6.1	39.4	48.5	3	3	1.5	82.1	7.5	6	3	9.1	90.9	0	0	9	2	9	3	1	2.029154563	0.64842867	1.763385703	1.011404265	0
AHU10--70	AHU	AHU1070	29	2.608579637	38.748	26.17	2.8	2.24	42.42	76.93	11.59	25	28	37.3	29	38.7	5	6.7	13	17.3	0	0	8	72	16	4	1.3	50.7	20	22.7	5.3	80	16	4	0	10	3	8	5	3	1.984005831	0.479499558	1.463744847	1.178654995	0.950270538
AHU10--80	AHU	AHU1080	25	2.501768253	30.179	20.857	2.43	2.9	38.55	59.76	19.8	21	29	36.7	44	55.7	3	3.8	3	3.8	0	0	0	100	0	0	1.3	64.6	26.6	5.1	2.5	9.5	90.5	0	0	14	4	3	2	2	2.245751943	0.40015476	0.501046914	0.636514168	0.636514168
AHU20-30	AHU	AHU2030	26	2.6714044	68.99	53.496	2.44	2.79	44.87	54.13	21.71	43	36	63.2	11	19.3	3	5.3	7	12.3	14	2.3	9.3	65.1	4.7	4.7	0	75.4	5.3	19.3	0	30.2	65.1	0	4.7	7	5	12	1	1	1.84622022	1.466821217	2.161720573	0	0
AHU20-40	AHU	AHU2040	28	2.416329338	59.209	49.777	2.46	2.83	46.38	59.56	23.48	46	29	53.7	16	29.6	5	9.3	4	7.4	0	4.3	78.3	13	2.2	2.2	1.9	68.5	14.8	11.1	3.7	17.4	82.6	0	0	9	5	8	3	3	2.100678921	0.581920447	1.104769328	1.039720771	0.950270539
AHU20-50	AHU	AHU2050	20	2.008822775	51.051	45.033	2.37	2.76	47.92	48.85	20.69	37	47	74.6	9	14.3	2	3.2	5	7.9	0	2.7	40.5	56.8	0	0	0	79.4	7.9	9.5	3.2	43.2	45.9	2.7	8.1	5	4	7	2	2	1.58109375	1.141432385	1.48307205	0.500402423	0.693147181
AHU20-60	AHU	AHU2060	26	2.433970293	38.405	34.963	2.73	2.33	46.74	73	11.77	15	37	43.5	27	31.8	2	2.4	19	22.4	0	0	13.3	26.7	0	60	2.4	57.6	12.9	18.8	8.2	80	13.3	0	6.7	12	4	4	5	1	2.27897351	0.643915466	1.077573373	1.267235545	0
AHU20-70	AHU	AHU2070	25	2.272067749	31.906	33.396	2.54	3	49.45	63.92	12.64	29	47	66.2	16	22.5	3	4.2	5	7	0	6.9	24.1	65.5	0	3.4	0	64.8	23.9	4.2	7	13.8	75.9	6.9	3.4	6	3	12	2	2	1.488036044	0.521826617	2.059182353	0.500402423	0.636514168
AHU20-80	AHU	AHU2080	30	2.925285497	25.231	29.588	2.61	2.79	45.45	70.91	11.72	34	27	40.9	32	48.5	2	3	5	7.6	0	2.9	5.9	76.5	5.9	8.8	1.5	54.5	30.3	9.1	4.5	50	35.3	0	14.7	13	4	10	2	1	2.305821786	0.137622716	2.0990223	0.673011667	0
AHU30-30	AHU	AHU3030	22	1.88269623	62.945	63.778	2.49	2.28	48.45	59.84	21.66	29	49	69	14	19.7	2	2.8	6	8.5	0	0	3.4	96.6	0	0	1.4	70.4	9.9	14.1	4.2	86.2	6.9	0	6.9	8	4	5	3	2	2.031759219	1.119451791	0.592402878	1.011404265	0.693147181
AHU30-40	AHU	AHU3040	23	2.579215363	54.118	58.82	2.37	2.94	36.36	52.05	25.67	52	20	41.7	24	50	0	0	4	8.3	0	5.8	42.3	38.5	9.6	3.8	0	72.9	16.7	10.4	0	25	65.4	0	9.6	8	2	11	2	0	1.821237723	0.104834255	1.940629671	0.562335145	0
AHU30-50	AHU	AHU3050	17	2.071796687	46.233	53.166	2.49	2.49	46.15	60.84	25.24	37	39	61.9	19	30.2	1	1.6	4	6.3	0	2.7	40.5	56.8	0	0	0	66.7	19	12.7	1.6	51.4	48.6	0	0	5	2	6	3	1	1.439174115	0.267831126	1.361608224	1.03972077	0
AHU30-60	AHU	AHU3060	28	2.772425875	37.898	48.486	2.51	2.62	49.47	62.2	22.66	29	42	59.2	17	23.9	6	8.5	6	8.5	0	0	37.9	55.2	0	6.9	2.8	67.6	11.3	12.7	5.6	37.9	62.1	0	0	8	6	6	3	5	1.991346413	3.423454613	1.52216596	1.011404265	1.560710409
AHU30-70	AHU	AHU3070	29	2.729322336	28.654	43.308	2.69	2.85	41.67	71.13	14.8	41	26	44.1	22	37.3	2	3.4	9	15.3	0	2.4	48.8	43.9	0	4.9	0	59.3	20.3	11.9	8.5	19.5	78	0	2.4	10	3	10	4	2	2.145841753	0.336222465	1.778211419	1.273028337	0.693147181
AHU30-80	AHU	AHU3080	26	2.716039277	19.946	38.23	2.57	2.63	35.16	63.01	15.96	16	37	44	37	44	0	0	10	11.9	0	0	12.5	75	6.2	6.2	0	70.2	11.9	8.3	9.5	37.5	62.5	0	0	11	4	7	4	0	2.062234332	1.579966302	1.62861983	1.16828245	0
AHU40-30	AHU	AHU4030	26	2.463477013	57.925	72.456	2.73	3.23	52.22	73.17	9.64	26	38	51.4	18	24.3	5	6.8	13	17.6	0	3.8	7.7	76.9	0	11.5	4.1	58.1	8.1	20.3	9.5	46.2	19.2	0	34.6	11	4	6	3	2	2.322187942	0.300168949	1.503540077	0.898137003	0.500402423
AHU40-40	AHU	AHU4040	26	2.067962172	49.278	66.966	2.54	2.94	46.91	62.85	16.09	35	39	60	16	24.6	1	1.5	9	13.8	0	0	88.6	5.7	5.7	0	0	66.2	15.4	16.9	1.5	5.7	94.3	0	0	11	4	7	3	1	2.182995977	0.159494864	0.909600764	0.848685558	0
AHU40-50	AHU	AHU4050	23	2.070221605	40.231	61.379	2.51	2.32	47.79	58.96	35.77	19	56	69.1	12	14.8	8	9.9	5	6.2	5.3	0	10.5	5.3	15.8	63.2	0	72.8	8.6	13.6	4.9	78.9	15.8	0	5.3	6	5	6	3	3	1.641734712	0.846367231	1.229098531	0.950270539	0.900256051
AHU40-60	AHU	AHU4060	23	2.159882953	32.867	57.15	2.64	2.7	50.98	68.55	28.61	20	52	65	13	16.2	2	2.5	13	16.2	0	10	55	35	0	0	1.2	62.5	16.2	11.3	8.8	30	70	0	0	7	4	5	5	2	1.517151585	0.782828912	1.205215677	1.479132807	0.693147181
AHU40-70	AHU	AHU4070	19	2.159189578	23.584	52.434	2.42	2.35	48.39	52.36	29.33	40	46	76.7	6	10	0	0	8	13.3	0	0	2.5	85	12.5	0	0	80	8.3	1.7	10	65	35	0	0	5	4	8	2	0	1.560710409	1.56086292	1.648771021	0.562335145	0
AHU40-80	AHU	AHU4080	25	2.286058264	15.108	47.178	2.38	3.28	50	55.26	11.13	29	45	63.4	22	31	0	0	4	5.6	0	0	51.7	44.8	3.4	0	2.8	70.4	16.9	5.6	4.2	3.4	79.3	3.4	13.8	7	3	12	3	0	1.831588719	1.026172017	2.051765137	1.03972077	0
COM0-20	COM	COM020	20	2.180881702	29.658	79.318	2.49	3.02	34.21	60	13.78	63	15	40.5	17	45.9	2	5.4	3	8.1	0	27	0	71.4	1.6	0	0	67.6	16.2	16.2	0	1.6	96.8	0	1.6	9	2	5	2	2	2.088501619	0.101873891	1.193487541	0.636514168	0.693147181
COM0-30	COM	COM030	25	2.50602856	41.141	81.774	2.6	3.05	44.83	70.09	33.19	43	23	40.4	23	40.4	3	5.3	8	14	0	0	0	95.3	4.7	0	3.5	56.1	19.3	19.3	1.8	4.7	90.7	0	4.7	11	3	6	3	2	2.174308236	1.480231371	0.904468268	0.974314753	0.636514168
COM0-40	COM	COM040	15	2.09091521	48.401	80.843	2.25	2.78	36.71	42.53	14.53	37	25	39.7	33	52.4	3	4.8	2	3.2	0	13.5	0	64.9	21.6	0	3.2	79.4	6.3	11.1	0	21.6	78.4	0	0	6	2	4	1	2	1.474520307	0.134641199	0.994726322	0	0.636514169
COM0-50	COM	COM050	19	2.4155984	60.223	83.749	2.39	2.76	48.54	55.46	25.79	25	46	61.3	21	28	2	2.7	6	8	4	32	0	40	24	0	4	70.7	9.3	14.7	1.3	24	76	0	0	6	3	5	3	2	1.496696629	3.011451259	1.310532912	1.011404265	0.693147181
COM0-60	COM	COM060	15	2.261148374	70.332	84.93	2.7	2.62	40.98	70.73	11.62	40	31	51.7	20	33.3	4	6.7	5	8.3	0	15	0	77.5	7.5	0	0	60	15	20	5	42.5	55	0	2.5	4	2	6	2	1	1.205628232	0.335867935	1.455722122	0.673011667	0
COM10--20	COM	COM1020	27	2.702494384	29.706	71.738	2.78	2.71	33.82	75.51	14.63	14	36	41.9	35	40.7	9	10.5	6	7	0	0	0	78.6	21.4	0	0	52.3	19.8	25.6	2.3	28.6	71.4	0	0	11	2	6	4	4	2.081014661	0.528773534	1.468060203	1.329661349	1.149059697
COM10--30	COM	COM1030	23	2.535303222	40.852	70.658	2.63	2.72	42.86	70.37	28.33	32	23	33.8	33	48.5	0	0	12	17.6	6.2	3.1	0	62.5	28.1	0	4.4	58.8	11.8	19.1	5.9	28.1	71.9	0	0	12	2	5	4	0	2.235529893	0.244130854	1.135288979	1.329661349	0
COM10--40	COM	COM1040	18	2.418126217	50.087	71.548	3.18	3	34.48	88.69	49.91	39	28	45.9	23	37.7	0	0	10	16.4	0	38.5	0	56.4	5.1	0	0	31.1	26.2	36.1	6.6	5.1	92.3	0	2.6	8	2	5	3	0	1.66394512	1.492306116	1.167931495	1.054920168	0
COM10--50	COM	COM1050	22	2.416522704	60.992	72.664	2.99	2.81	43.48	85.37	17.95	26	34	45.9	31	41.9	2	2.7	7	9.5	7.7	50	0	23.1	19.2	0	0	35.1	31.1	33.8	0	19.2	80.8	0	0	11	2	5	2	2	1.838446322	0.424664608	1.303288263	0.682908105	0.693147181
COM10--60	COM	COM1060	20	2.379350069	71.158	74.904	2.94	2.93	38.6	80.23	29.51	28	33	45.8	23	31.9	3	4.2	13	18.1	0	0	0	100	0	0	0	48.6	20.8	18.1	12.5	14.3	82.1	0	3.6	7	3	4	5	1	1.594916881	4.714507804	0.705486245	1.178654997	0
COM20,20	COM	COM2020	27	2.809871518	30.594	59.599	2.76	3.62	33.96	76.47	6.67	29	26	36.6	32	45.1	2	2.8	11	15.5	0	0	3.4	82.8	13.8	0	1.4	49.3	21.1	28.2	0	20.7	37.9	0	41.4	14	2	6	3	2	2.424200119	0.129377579	1.353850721	1.090059659	0.693147181
COM20-30	COM	COM2030	20	2.310937135	42.16	62.234	2.98	2.86	41.07	84.02	20.56	14	45	52.3	25	29.1	2	2.3	14	16.3	0	0	0	85.7	14.3	0	0	38.4	25.6	36	0	14.3	85.7	0	0	10	3	2	3	2	1.942400931	4.214823114	0.410116318	1.034601233	0.693147181
COM20,40	COM	COM2040	19	2.435461236	50.311	63.973	2.52	3	39.06	65.86	5.79	33	32	47.8	29	43.3	5	7.5	1	1.5	0	9.1	0	78.8	12.1	0	0	58.2	31.3	10.4	0	12.1	81.8	0	6.1	9	3	5	1	1	1.933815632	0.083998265	0.943439076	0	0
COM20,50	COM	COM2050	19	2.344010069	61.221	64.913	2.99	2.92	38.98	83.2	36.15	12	53	60.2	28	31.8	6	6.8	1	1.1	0	50	0	50	0	0	0	40.9	19.3	39.8	0	8.3	91.7	0	0	9	3	3	1	3	1.810153722	3.494626476	0.918427785	0	1.011404265
COM20,60	COM	COM2060	28	2.702124372	71.494	63.542	2.78	2.12	38.89	77.44	14.9	8	35	38	40	43.5	6	6.5	11	12	0	0	0	12.5	75	12.5	0	47.8	28.3	21.7	2.2	87.5	12.5	0	0	14	3	4	3	4	2.396101757	0.730260131	1.213007566	0.916464886	1.329661349
COM30-20	COM	COM3020	19	2.407245928	31.376	51.108	2.23	3.71	66.05	58.41	9.89	7	51	54.8	36	38.7	3	3.2	3	3.2	14.3	0	0	71.4	14.3	0	17.2	59.1	10.8	9.7	3.2	14.3	42.9	0	42.9	9	3	4	1	2	2.012692643	1.320169373	1.277034259	0	0.636514168
COM30-30	COM	COM3030	24	2.793894592	43.792	51.828	2.58	3	54.12	73.65	7.73	21	32	40.5	38	48.1	3	3.8	6	7.6	0	0	0	90.5	9.5	0	7.6	49.4	22.8	17.7	2.5	9.5	85.7	0	4.8	13	3	3	3	2	2.367807388	0.305605461	0.501046914	1.098612289	0.636514168
COM30-40	COM	COM3040	25	2.675031965	53.989	53.011	2.88	2.81	47.46	81.44	19.78	27	34	46.6	27	37	3	4.1	9	12.3	0	0	7.4	74.1	18.5	0	2.7	42.5	20.5	32.9	1.4	18.5	81.5	0	0	12	3	5	3	2	2.34461753	0.347917928	1.195276416	0.848685558	0.636514168
COM30-50	COM	COM3050	16	2.182757218	61.246	55.165	2.53	2.63	47.83	65.96	33.37	19	46	56.8	20	24.7	6	7.4	9	11.1	0	36.8	0	26.3	36.8	0	1.2	59.3	24.7	14.8	0	36.8	63.2	0	0	7	2	4	2	1	1.564280451	0.955916607	1.338671878	0.636514168	0
COM30-60	COM	COM3060	18	1.963003983	71.876	56.626	2.51	2.12	46.43	62.09	10.36	8	60	65.2	21	22.8	8	8.7	3	3.3	0	0	0	12.5	87.5	0	0	65.2	18.5	16.3	0	87.5	12.5	0	0	9	3	2	1	3	2.058461062	0.259784094	0.37677016	0	0.900256051
COM40-20	COM	COM4020	24	2.81753293	32.943	39.87	2.44	2.89	64.46	71.71	29.92	9	38	41.8	30	33	2	2.2	21	23.1	0	0	0	66.7	33.3	0	13.2	47.3	22	17.6	0	33.3	55.6	0	11.1	11	3	4	4	2	2.217734004	10.04019617	1.214889654	1.207723982	0.693147181
COM40-30	COM	COM4030	26	2.877108217	42.565	42.624	3.19	2.94	48.48	88.63	7.12	48	15	28.8	19	36.5	3	5.8	15	28.8	0	0	58.3	39.6	2.1	0	3.8	32.7	19.2	28.8	15.4	6.2	93.8	0	0	8	3	7	5	3	1.98696677	0.113579949	1.613136343	1.337860677	1.098612289
COM40-40	COM	COM4040	24	2.418858761	52.173	42.82	2.72	2.24	45.78	73.45	16.78	17	50	60.2	24	28.9	0	0	9	10.8	0	11.8	0	35.3	52.9	0	0	54.2	20.5	24.1	1.2	76.5	23.5	0	0	12	3	5	4	0	2.383540372	1.447079851	1.262243167	1.149059696	0
COM40-50	COM	COM4050	24	2.532526249	62.02	43.904	2.61	2.56	42.37	69.3	12.44	41	30	50.8	23	39	0	0	6	10.2	0	56.1	0	17.1	26.8	0	1.7	57.6	18.6	22	0	43.9	56.1	0	0	13	3	5	3	0	2.401224483	0.918924845	1.177395671	1.011404265	0
COM40-60	COM	COM4060	24	2.568544203	72.715	43.163	2.65	2.65	40.32	71.48	11.64	34	29	43.9	30	45.5	2	3	5	7.6	0	5.9	0	91.2	2.9	0	3	56.1	15.2	24.2	1.5	35.3	64.7	0	0	11	3	5	3	2	1.985231411	0.763786032	1.064375732	0.95027054	0.693147181
COM50-20	COM	COM5020	26	2.335213852	34.344	31.273	2.94	3	46.05	80.36	6.75	14	53	61.6	20	23.3	3	3.5	10	11.6	0	0	0	85.7	14.3	0	2.3	47.7	5.8	41.9	2.3	14.3	78.6	0	7.1	12	3	5	4	2	2.274474726	0.993292213	0.99435369	1.366158848	0.636514167
COM50-30	COM	COM5030	24	2.70471351	44.995	32.029	2.74	3	55	79.07	7.14	18	39	47.6	29	35.4	5	6.1	9	11	0	16.7	16.7	44.4	22.2	0	6.1	43.9	19.5	30.5	0	22.2	66.7	0	11.1	10	2	6	3	3	2.144591668	0.293938351	1.647918433	0.936888308	0.95027054
COM50-40	COM	COM5040	26	2.768756183	52.805	33.406	2.75	2.84	41.94	77	21.77	25	29	38.7	37	49.3	0	0	9	12	0	0	0	84	16	0	2.7	48	22.7	25.3	1.3	16	84	0	0	14	3	5	4	0	2.459095695	0.572410214	1.184953357	1.214889654	0
COM50-50	COM	COM5050	22	2.44670435	65.485	34.134	2.52	2.95	56.52	71.22	24.27	20	40	50	27	33.7	5	6.2	8	10	0	90	0	10	0	0	5	50	33.7	10	1.2	5	95	0	0	9	3	3	3	4	2.011819903	1.657998226	0.394397691	0.900256051	1.33217904
COM50-60	COM	COM5060	26	2.768361412	73.095	36.298	2.92	3.35	39.66	81.87	11.26	17	37	44.6	30	36.1	5	6	11	13.3	0	35.3	0	64.7	0	0	0	42.2	26.5	28.9	2.4	0	82.4	0	17.6	9	4	5	5	3	2.060569161	1.076077137	1.452044073	1.294545166	0.95027054
JIM0-0	JIM	JIM00	23	2.320753266	91.469	86.667	2.69	2.53	44.58	71.78	8.96	19	42	51.9	21	25.9	5	6.2	13	16	0	0	0	100	0	0	0	56.8	21	18.5	3.7	47.4	52.6	0	0	10	2	3	4	4	1.922284146	1.30132554	0.862857801	1.20479331	1.33217904
JIM0-10	JIM	JIM010	25	2.734156938	86.839	78.752	2.58	2.88	34.78	67.27	4.8	26	22	29.7	40	54.1	7	9.5	5	6.8	7.7	0	0	88.5	3.8	0	1.4	60.8	20.3	13.5	4.1	11.5	88.5	0	0	10	4	5	3	3	1.89105311	0.13430644	1.251354704	0.950270537	1.078992207
JIM0-20	JIM	JIM020	23	2.521283422	82.228	69.629	2.87	2.71	46.87	78.55	19.92	31	34	49.3	24	34.8	3	4.3	8	11.6	0	25.8	0	71	3.2	0	0	49.3	20.3	24.6	5.8	29	71	0	0	8	4	5	3	3	1.827719729	1.218024035	1.28510313	0.974314753	1.098612289
JIM0-30	JIM	JIM030	20	2.332561475	78.152	60.226	2.67	2.62	46.48	74.24	11.2	24	35	46.1	28	36.8	7	9.2	6	7.9	0	45.8	0	54.2	0	0	1.3	50	28.9	19.7	0	37.5	62.5	0	0	9	2	3	2	4	1.857694228	0.674147764	1.02401022	0.693147181	1.351783995
JIM0-40	JIM	JIM040	26	2.417037711	75.045	52.744	2.84	2.7	47.22	75.4	7.61	33	35	52.2	13	19.4	7	10.4	12	17.9	3	0	3	69.7	24.2	0	0	56.7	14.9	16.4	11.9	36.4	60.6	0	3	9	3	7	3	4	2.098147388	0.120931483	1.594987973	0.823959216	1.351783994
JIM0-50	JIM	JIM050	25	2.531969259	71.227	42.001	2.88	2.83	48.39	81.97	22.79	23	25	32.5	36	46.8	6	7.8	10	13	4.3	0	0	95.7	0	0	2.6	41.6	24.7	27.3	3.9	17.4	82.6	0	0	12	3	3	3	4	2.191093877	0.302508988	0.632369473	1.088899975	1.329661349
JIM10-0	JIM	JIM100	19	1.881789338	82.282	91.135	2.69	2.71	49.52	69.32	16.09	14	62	72.1	8	9.3	2	2.3	14	16.3	0	0	0	57.1	42.9	0	0	61.6	8.1	30.2	0	42.9	50	0	7.1	5	4	5	3	2	1.559581156	2.301225086	1.390437795	0.655975732	0.693147181
JIM10--10	JIM	JIM1010	23	2.625949821	79.311	83.557	3.11	2.77	52.27	88.68	13.58	30	21	30	36	51.4	5	7.1	8	11.4	0	0	3.3	96.7	0	0	2.9	30	22.9	41.4	2.9	23.3	76.7	0	0	11	2	4	3	3	2.114077523	0.284391788	1.185660656	0.900256051	1.054920168
JIM10--20	JIM	JIM1020	24	2.688507535	74.92	72.492	2.92	2.42	41.38	81.11	21.42	24	28	36.8	31	40.8	6	7.9	11	14.5	0	0	0	41.7	50	8.3	0	44.7	25	23.7	6.6	58.3	41.7	0	0	11	3	3	5	2	2.183725282	0.874226836	0.918427785	1.389681193	0.450561209
JIM10--30	JIM	JIM1030	24	2.546978188	71.094	65.013	2.92	3.17	50	83.92	10.47	12	43	48.9	33	37.5	7	8	5	5.7	0	25	0	75	0	0	2.3	37.5	27.3	31.8	1.1	0	83.3	16.7	0	9	2	5	4	4	1.950040479	0.605092477	1.589026915	1.332179039	1.153741941
JIM10--40	JIM	JIM1040	21	2.26114455	66.464	54.982	2.51	2.27	35.62	61.71	16.85	30	30	42.9	34	48.6	3	4.3	3	4.3	0	0	0	96.7	3.3	0	1.4	67.1	10	21.4	0	73.3	26.7	0	0	9	3	4	3	2	1.594622785	0.519717389	0.815985973	1.098612289	0.636514168
JIM10--50	JIM	JIM1050	23	2.394403794	63.192	45.312	3.1	2.57	35.56	87.97	15.82	7	43	46.2	37	39.8	4	4.3	9	9.7	0	0	0	85.7	14.3	0	0	31.2	31.2	34.4	3.2	42.9	57.1	0	0	9	4	4	3	3	1.763632021	1.153429123	1.351783994	1.098612289	1.039720771
JIM20-00	JIM	JIM200	25	2.725263817	72.982	95.413	3.06	2.66	46.34	86.83	23	35	22	33.8	27	41.5	5	7.7	11	16.9	0	0	14.3	85.7	0	0	1.5	33.8	26.2	33.8	4.6	34.3	65.7	0	0	10	2	5	4	4	2.065727897	0.772090597	1.386989712	1.120950392	1.33217904
JIM20--10	JIM	JIM2010	20	2.316205889	68.781	87.419	2.74	2.77	52.31	75.4	11.63	41.9	35.2	60.7	10.5	18	6.7	11.5	5.7	9.8	0	11.4	6.8	81.8	0	0	1.6	50.8	19.7	27.9	0	22.7	77.3	0	0	7	3	6	2	2	1.846220219	0.951996324	1.269594877	0.450561208	0.598269589
JIM20-20	JIM	JIM2020	23	2.638004268	64.857	77.912	2.74	3	58.62	81.35	10.83	10	23	25.6	50	55.6	8	8.9	9	10	0	10	0	90	0	0	7.8	40	31.1	12.2	8.9	0	100	0	0	13	2	2	3	3	2.244570049	0.075550841	0.325082974	0.936888308	0.900256052
JIM20-30	JIM	JIM2030	21	2.093987889	60.982	68.471	2.75	2.31	49.09	74.66	18.06	48	33	63.5	9	17.3	7	13.5	3	5.8	0	0	0	97.9	2.1	0	1.9	53.8	15.4	25	3.8	77.1	14.6	8.3	0	7	2	6	2	4	1.831020481	0.617313962	0.930710741	0.636514168	1.153741943
JIM20-40	JIM	JIM2040	20	2.250816494	57.089	59.23	3.01	2.23	47.06	85.85	13.46	22	44	56.4	21	26.9	6	7.7	7	9	0	0	0	100	0	0	0	34.6	29.5	35.9	0	77.3	22.7	0	0	7	3	4	3	3	1.537703497	0.38597013	0.751930466	0.955699891	0.867563228
JIM20-50	JIM	JIM2050	23	2.1416512	54.761	48.656	2.44	2.71	45.19	56.41	24.04	21	50	63.3	20	25.3	5	6.3	4	5.1	0	0	0	100	0	0	0	72.2	15.2	8.9	3.8	28.6	71.4	0	0	8	3	5	2	5	1.877524282	1.36508283	1.426533729	0.693147181	1.609437912
JIM30-0	JIM	JIM300	17	2.318110124	62.749	97.716	2.82	2.9	43.33	77.99	7.5	29	37	52.1	28	39.4	1	1.4	5	7	0	0	0	89.7	10.3	0	0	47.9	23.9	26.8	1.4	10.3	89.7	0	0	8	3	4	2	1	1.810080943	0.298906684	1.1140516	0.500402424	0
JIM30--10	JIM	JIM3010	23	2.598901449	59.111	90.902	2.84	2.5	32.79	79.5	17.92	10	35	38.9	41	45.6	1	1.1	13	14.4	0	0	0	100	0	0	0	45.6	27.8	23.3	3.3	50	50	0	0	11	4	3	4	1	1.90454071	1.333465512	0.943348392	1.332244922	0
JIM30-20	JIM	JIM3020	24	2.556735434	55.248	81.537	2.84	2.85	43.33	77.52	16.17	33	34	50.7	23	34.3	2	3	8	11.9	0	42.4	3	51.5	3	0	1.5	50.7	14.9	28.4	4.5	15.2	84.8	0	0	9	3	5	5	2	1.892014546	0.340607049	1.198437207	1.494175138	0.693147181
JIM30-30	JIM	JIM3030	16	1.910807167	50.971	72.454	2.56	3.36	48.51	66.01	22.4	14	61	70.9	20	23.3	4	4.7	1	1.2	0	7.1	14.3	78.6	0	0	0	60.5	23.3	16.3	0	0	64.3	35.7	0	6	3	5	1	1	1.227529411	1.134525042	1.47013192	0	0
JIM30-40	JIM	JIM3040	23	2.521309402	47.183	62.95	2.76	2.73	45.16	76.51	21.17	30	36	51.4	24	34.3	6	8.6	4	5.7	0	13.3	0	86.7	0	0	0	48.6	27.1	24.3	0	33.3	60	6.7	0	10	3	5	2	3	2.081316839	0.391389243	1.362447485	0.693147181	1.011404265
JIM30-50	JIM	JIM3050	19	2.023980896	43.403	53.703	2.6	2.32	46.67	65.78	21.8	25	58	77.3	16	21.3	0	0	1	1.3	4	0	0	92	4	0	0	64	12	24	0	68	32	0	0	10	3	5	1	0	2.166084939	1.507373187	1.01439677	0	0
JIM40-0	JIM	JIM400	28	2.749268376	53.403	101.735	2.86	2.2	38.98	81.03	22.61	15	25	29.4	41	48.2	8	9.4	11	12.9	0	0	0	86.7	13.3	0	0	42.4	32.9	21.2	3.5	80	20	0	0	12	3	4	4	5	2.234547594	0.818089502	0.988154225	1.342113179	1.494175139
JIM40-10	JIM	JIM4010	27	3.095800618	50.949	94.051	2.76	3	63.74	83.35	12.99	9	30	33	47	51.6	3	3.3	11	12.1	0	0	0	100	0	0	11	36.3	25.3	20.9	6.6	0	100	0	0	14	4	3	3	3	2.46462831	2.182914598	0.936888307	0.994923633	1.098612289
JIM40-20	JIM	JIM4020	23	2.601951036	46.08	85.095	3.09	2.79	44.23	85.59	6.67	24	29	38.2	26	34.2	6	7.9	15	19.7	16.7	0	0	83.3	0	0	0	38.2	23.7	28.9	9.2	20.8	79.2	0	0	7	3	5	4	4	1.683231544	0.214814754	1.421245689	1.362447485	1.242453324
JIM40-30	JIM	JIM4030	19	2.382898754	41.286	76.34	2.82	2.33	44.19	80.45	20.23	43	28	49.1	21	36.8	4	7	4	7	0	9.3	0	83.7	7	0	0	42.1	33.3	24.6	0	67.4	32.6	0	0	5	4	5	2	3	1.359236701	0.639596761	1.166471023	0.693147181	1.039720771
JIM40-40	JIM	JIM4040	27	2.75699978	38.194	66.31	2.88	2.7	37.5	81.85	30.39	27	26	35.6	41	56.2	1	1.4	5	6.8	0	37	0	63	0	0	1.4	41.1	27.4	28.8	1.4	29.6	70.4	0	0	16	3	4	3	1	2.517020496	0.45752572	1.210765918	0.950270539	0
JIM40-50	JIM	JIM4050	23	2.367528922	34.644	56.801	2.91	2.5	48.68	81.63	46.49	10	50	55.6	25	27.8	11	12.2	4	4.4	0	0	0	60	40	0	1.1	43.3	25.6	23.3	6.7	50	50	0	0	10	2	6	2	3	2.110556539	1.620691655	1.609437913	0.693147181	1.036198785
PIC10-0	PIC	PIC100	24	2.362109308	21.01	69.176	2.32	2.59	47.12	49.54	24.19	27	38	52.1	25	34.2	3	4.1	7	9.6	0	25.9	3.7	48.1	14.8	7.4	4.1	75.3	8.2	9.6	2.7	40.7	59.3	0	0	9	3	6	3	3	1.977562903	0.557158005	1.620445579	1.078992208	1.098612289
PIC10--10	PIC	PIC1010	21	2.164698057	31.051	68.433	2.46	2.69	47.37	57.26	18.32	32	41	60.3	14	20.6	3	4.4	10	14.7	0	37.5	9.4	53.1	0	0	1.5	73.5	10.3	7.4	7.4	31.3	68.7	0	0	7	2	6	3	3	1.63134542	0.046228851	1.435061468	1.029653014	1.098612289
PIC10--20	PIC	PIC1020	15	1.774473175	39.016	67.499	2.26	2.91	47.54	39.62	32.12	22	58	74.4	11	14.1	2	2.6	7	9	0	0	63.6	13.6	9.1	13.6	0	82.1	10.3	7.7	0	27.3	63.6	0	9.1	3	4	5	2	1	0.994923633	0.832635635	1.135804808	0.682908105	0
PIC10--30	PIC	PIC1030	20	2.003765723	48.781	67.268	2.13	2.39	46.21	22.83	20.49	23	62	80.5	14	18.2	0	0	1	1.3	0	4.3	21.7	69.6	4.3	0	0	92.2	3.9	2.6	1.3	60.9	39.1	0	0	7	5	7	1	0	1.820075976	0.470311472	1.384371892	0	0
PIC10--40	PIC	PIC1040	23	1.698614465	58.027	67.021	2.3	2.79	49.29	44.2	35.83	14	66	76.7	12	14	1	1.2	7	8.1	0	0	57.1	14.3	0	28.6	1.2	82.6	5.8	5.8	4.7	35.7	57.1	0	7.1	8	5	5	4	1	1.979204517	2.317639112	1.376055285	1.153741943	0
PIC20-00	PIC	PIC200	24	2.256231219	18.584	58.834	2.4	2.6	44.34	52.99	7.69	20	49	61.2	18	22.5	5	6.3	8	10	0	10	5	85	0	0	0	73.7	12.5	13.7	0	40	60	0	0	8	4	6	3	3	1.801951141	0.223463624	1.565730653	0.974314753	0.95027054
PIC20--10	PIC	PIC2010	17	1.622799544	29.236	59.409	2.1	2.55	46.1	19.42	14.26	11	70	78.7	17	19.1	1	1.1	1	1.1	0	0	18.2	36.4	45.5	0	1.1	93.3	0	5.6	0	63.6	27.3	0	9.1	6	4	5	1	1	1.343789894	0.397501496	1.414279065	0	0
PIC20-20	PIC	PIC2020	18	1.508788179	38.157	56.943	2.16	2.07	50.34	31.16	21.36	14	67	77.9	14	16.3	1	1.2	4	4.7	0	0	0	85.7	14.3	0	2.3	86	5.8	4.7	1.2	92.9	7.1	0	0	8	4	3	2	1	1.908535282	0.259603178	0.655975733	0.562335145	0
PIC20-30	PIC	PIC2030	13	1.577804015	47.903	57.361	2.16	2.67	47.24	27.57	42.77	24	61	80.3	12	15.8	2	2.6	1	1.3	0	66.7	0	33.3	0	0	0	88.2	7.9	3.9	0	33.3	66.7	0	0	4	4	3	1	1	1.198849313	0.351260879	1.077556327	0	0
PIC20-40	PIC	PIC2040	15	1.403355949	58.476	56.244	2.05	2.19	48.91	11.39	27.73	26	67	90.5	6	8.1	0	0	1	1.4	0	0	19.2	23.1	50	7.7	0	94.6	5.4	0	0	80.8	19.2	0	0	5	3	6	1	0	1.560710409	0.843002283	1.432713584	0	0
PIC30-0	PIC	PIC300	13	1.950550179	17.816	49.581	2.14	2.58	28.18	24.4	10.34	12	33	37.5	54	61.4	0	0	1	1.1	0	0	0	83.3	16.7	0	0	89.8	6.8	3.4	0	41.7	58.3	0	0	6	3	3	1	0	1.240663041	0.194171486	0.959614794	0	0
PIC30--10	PIC	PIC3010	27	2.122815434	28.22	49.759	2.19	2.6	52.32	38.06	17.68	10	64	71.1	22	24.4	2	2.2	2	2.2	0	20	30	50	0	0	4.4	80	8.9	5.6	1.1	40	60	0	0	13	5	5	2	2	2.491493722	1.128119124	1.470808476	0.693147181	0.693147181
PIC30-20	PIC	PIC3020	25	2.293746645	38.697	47.469	2.25	3.05	44.14	41.23	15.41	21	50	63.3	22	27.8	3	3.8	4	5.1	0	4.8	19	66.7	9.5	0	0	78.5	17.7	3.8	0	42.9	33.3	0	23.8	10	3	9	1	2	2.122057746	0.413921768	1.926433029	0	0.636514169
PIC30-30	PIC	PIC3030	23	2.360778616	48.849	47.379	2.5	2.75	44.12	62.5	12.82	12	47	53.4	27	30.7	0	0	14	15.9	0	8.3	0	91.7	0	0	0	64.8	26.1	3.4	5.7	25	75	0	0	11	5	4	3	0	2.062571432	0.692240821	0.983087759	0.876005766	0
PIC30-40	PIC	PIC3040	21	1.792165248	58.634	46.499	2.22	2.6	43.97	34.44	10.91	10	63	70	20	22.2	4	4.4	3	3.3	0	0	40	60	0	0	0	87.8	4.4	5.6	2.2	40	60	0	0	7	4	5	2	3	1.609437911	0.353918685	1.418483661	0.636514168	1.03972077
PIC40-0	PIC	PIC400	23	2.290118202	18.522	38.942	2.31	2.7	48.42	51.49	15.07	30	39	55.7	20	28.6	2	2.9	9	12.9	0	0	0	83.3	6.7	10	2.9	70	21.4	4.3	1.4	30	70	0	0	8	3	6	4	2	1.903686688	0.969649273	1.138110262	1.149059696	0.693147181
PIC40-10	PIC	PIC4010	27	2.546066368	28.283	38.84	2.54	2.41	42.86	60.63	6.72	39	35	57.4	14	23	2	3.3	10	16.4	0	0	0	92.3	7.7	0	0	72.1	6.6	16.4	4.9	59	41	0	0	9	4	6	6	2	2.044931175	0.207306603	1.318960136	1.695742534	0.693147181
PIC40-20	PIC	PIC4020	21	1.839256928	37.823	37.433	2.16	2.41	48.12	32.19	16.48	17	57	68.7	21	25.3	1	1.2	4	4.8	0	0	5.9	94.1	0	0	2.4	83.1	12	1.2	1.2	58.8	41.2	0	0	9	3	6	2	1	1.979562445	0.164846662	1.497686407	0.562335145	0
PIC40-30	PIC	PIC4030			48.373	37.095																																							
PIC40-40	PIC	PIC4040	25	2.133059901	57.393	35.672	2.41	2.89	46.55	56.64	17.94	9	56	61.5	27	29.7	2	2.2	6	6.6	0	0	11.1	77.8	11.1	0	1.1	68.1	20.9	8.8	1.1	11.1	88.9	0	0	11	3	6	3	2	2.19143391	0.318197508	1.676987774	0.867563228	0.693147181
PIC50-0	PIC	PIC500	20	1.841984618	16.738	28.878	2.41	2.93	46.67	54.67	39.7	44	38	67.9	11	19.6	1	1.8	6	10.7	0	0	90.9	6.8	2.3	0	0	71.4	16.1	12.5	0	6.8	93.2	0	0	7	4	6	2	1	1.83437197	1.142065731	0.74580752	0.636514168	0
PIC50-10	PIC	PIC5010	22	2.287563285	27.386	29.584	2.24	2.62	42.17	38.06	19.55	42	35	60.3	17	29.3	3	5.2	3	5.2	0	33.3	14.3	47.6	4.8	0	0	82.8	10.3	6.9	0	47.6	47.6	0	4.8	8	3	6	3	2	1.956187468	0.226938852	1.330280441	1.098612289	0.636514168
PIC50-20	PIC	PIC5020	18	2.038028601	37.06	28.05	2.44	2.91	53.03	64.57	46.87	46	27	50	23	42.6	0	0	4	7.4	0	0	0	100	0	0	3.7	57.4	31.5	5.6	1.9	8.7	91.3	0	0	10	2	3	3	0	1.951592427	1.371211685	0.769838175	1.039720771	0
PIC50-30	PIC	PIC5030	24	2.764838858	47.185	28.869	2.64	2.6	38.16	74.07	9.47	5	29	30.5	55	57.9	5	5.3	6	6.3	0	0	20	80	0	0	2.1	49.5	32.6	13.7	2.1	40	60	0	0	11	3	4	3	3	2.193537385	0.596728792	1.332179039	1.011404264	0.950270538
PIC50--40	PIC	PIC5040	24	2.530559302	57.693	25.54	2.96	2.72	49.38	80.31	11.82	18	42	51.2	18	22	8	9.8	14	17.1	0	5.6	27.8	61.1	5.6	0	2.4	50	11	22	14.6	38.9	55.6	0	5.6	7	3	8	3	3	1.798105503	0.562257173	1.769036162	0.509137344	0.900256051
PIC60-00	PIC	PIC600	25	2.212410953	17.481	21.36	2.42	2.4	44.64	56.64	16.92	10	51	56.7	28	31.1	0	0	11	12.2	0	0	30	10	20	40	0	68.9	21.1	8.9	1.1	60	40	0	0	13	5	4	3	0	2.292087348	0.441471837	1.279854226	0.859967281	0
PIC60-10	PIC	PIC6010	25	2.485646764	26.015	18.753	2.31	3.35	39.62	46.67	31.47	17	43	51.8	33	39.8	2	2.4	5	6	0	17.6	11.8	70.6	0	0	0	77.1	16.9	3.6	2.4	35.3	29.4	0	35.3	10	6	5	2	2	2.025213747	1.449797045	1.4053485	0.673011667	0.693147181
PIC60-20	PIC	PIC6020	24	2.066117185	35.788	18.262	2.5	2.82	47.42	61.87	13.11	22	49	62.8	19	24.4	0	0	10	12.8	0	0	0	90.9	9.1	0	0	65.4	21.8	10.3	2.6	54.5	27.3	0	18.2	11	3	6	4	0	2.054059614	0.697211391	1.451462659	1.168282449	0
PIC60-30	PIC	PIC6030	25	2.452372972	47.018	16.904	2.55	2.13	40.82	65.37	7.04	8	41	44.6	37	40.2	2	2.2	12	13	0	0	0	37.5	62.5	0	1.1	63	19.6	12	4.3	87.5	12.5	0	0	11	5	4	3	2	2.225784274	0.546424051	1.320888344	1.077556327	0.693147181
PIC60-40	PIC	PIC6040	21	2.249388625	56.559	15.496	2.39	2.93	42.86	52.18	11.45	30	40	57.1	20	28.6	3	4.3	7	10	36.7	10	36.7	13.3	3.3	0	0	74.3	14.3	10	1.4	6.7	93.3	0	0	6	3	7	3	2	1.47170373	0	1.486669808	0.796311641	0.636514169
